,Open,High,Low,Close,Volume,Dividends,Stock Splits
Open,1.0,0.9999,0.9999,0.9998,-0.1534,0.0597,-0.0067
High,0.9999,1.0,0.9999,0.9999,-0.1509,0.06,-0.0066
Low,0.9999,0.9999,1.0,0.9999,-0.155,0.0599,-0.0066
Close,0.9998,0.9999,0.9999,1.0,-0.1528,0.0602,-0.0066
Volume,-0.1534,-0.1509,-0.155,-0.1528,1.0,-0.0103,0.0048
Dividends,0.0597,0.06,0.0599,0.0602,-0.0103,1.0,0.1425
Stock Splits,-0.0067,-0.0066,-0.0066,-0.0066,0.0048,0.1425,1.0
